0 1474
1 1463
2 1460
3 1455
4 1451
5 1445
6 1437
7 1431
8 1424
9 1419
10 1411
11 1402
12 1396
13 1392
14 1386
15 1382
16 1378
17 1373
18 1367
19 1363
20 1359
21 1356
22 1349
23 1344
24 1334
25 1333
26 1331
27 1327
28 1324
29 1321
30 1312
31 1309
32 1306
33 1306
34 1304
35 1298
36 1295
37 1292
38 1288
39 1281
40 1277
41 1269
42 1265
43 1263
44 1260
45 1257
46 1255
47 1253
48 1248
49 1242
50 1240
51 1237
52 1236
53 1232
54 1228
55 1227
56 1222
57 1219
58 1216
59 1213
60 1208
61 1206
62 1203
63 1201
64 1200
65 1196
66 1195
67 1191
68 1189
69 1189
70 1187
71 1184
72 1181
73 1180
74 1178
75 1176
76 1175
77 1171
78 1170
79 1169
80 1166
81 1164
82 1161
83 1161
84 1161
85 1158
86 1156
87 1154
88 1153
89 1150
90 1148
91 1146
92 1145
93 1140
94 1138
95 1134
96 1134
97 1130
98 1129
99 1126
100 1124
101 1124
102 1123
103 1119
104 1118
105 1114
106 1113
107 1109
108 1109
109 1107
110 1105
111 1105
112 1105
113 1103
114 1102
115 1099
116 1098
117 1097
118 1097
119 1093
120 1093
121 1091
122 1089
123 1088
124 1085
125 1084
126 1083
127 1082
128 1082
129 1078
130 1077
131 1076
132 1074
133 1073
134 1071
135 1070
136 1070
137 1069
138 1069
139 1067
140 1065
141 1062
142 1061
143 1060
144 1059
145 1058
146 1058
147 1057
148 1057
149 1056
150 1055
151 1052
152 1049
153 1048
154 1046
155 1044
156 1043
157 1041
158 1039
159 1037
160 1035
161 1034
162 1031
163 1029
164 1028
165 1027
166 1025
167 1023
168 1021
169 1020
170 1019
171 1018
172 1017
173 1016
174 1013
175 1012
176 1012
177 1011
178 1010
179 1008
180 1006
181 1003
182 1002
183 1002
184 1001
185 999
186 996
187 994
188 994
189 992
190 992
191 991
192 991
193 990
194 990
195 988
196 987
197 987
198 984
199 983
200 982
201 982
202 978
203 977
204 977
205 976
206 975
207 974
208 974
209 974
210 973
211 972
212 972
213 972
214 970
215 969
216 968
217 967
218 966
219 966
220 965
221 965
222 964
223 962
224 960
225 959
226 958
227 957
228 956
229 954
230 954
231 952
232 950
233 950
234 949
235 948
236 947
237 946
238 946
239 946
240 946
241 945
242 944
243 942
244 942
245 942
246 941
247 940
248 940
249 939
250 939
251 939
252 938
253 937
254 937
255 936
256 935
257 934
258 934
259 933
260 933
261 933
262 932
263 932
264 931
265 930
266 929
267 929
268 929
269 929
270 929
271 927
272 927
273 927
274 925
275 924
276 923
277 922
278 922
279 922
280 922
281 921
282 921
283 921
284 919
285 919
286 918
287 917
288 916
289 916
290 915
291 915
292 915
293 915
294 914
295 913
296 912
297 912
298 912
299 912
300 911
301 910
302 909
303 909
304 908
305 907
306 907
307 906
308 906
309 904
310 904
311 904
312 904
313 903
314 902
315 902
316 901
317 900
318 900
319 899
320 898
321 898
322 898
323 896
324 896
325 892
326 891
327 891
328 890
329 890
330 889
331 888
332 887
333 887
334 886
335 885
336 884
337 884
338 884
339 883
340 883
341 883
342 882
343 882
344 881
345 879
346 879
347 878
348 878
349 878
350 878
351 878
352 876
353 876
354 875
355 875
356 874
357 874
358 874
359 874
360 874
361 874
362 873
363 873
364 872
365 872
366 871
367 871
368 868
369 868
370 868
371 868
372 866
373 865
374 865
375 865
376 865
377 864
378 863
379 863
380 863
381 862
382 862
383 862
384 862
385 861
386 861
387 860
388 860
389 859
390 858
391 858
392 856
393 856
394 856
395 856
396 855
397 855
398 855
399 855
400 854
401 854
402 851
403 851
404 850
405 850
406 849
407 849
408 849
409 849
410 849
411 849
412 848
413 847
414 847
415 847
416 846
417 846
418 846
419 846
420 845
421 844
422 844
423 842
424 842
425 841
426 841
427 841
428 840
429 840
430 840
431 839
432 839
433 839
434 838
435 838
436 836
437 836
438 836
439 835
440 835
441 834
442 834
443 834
444 833
445 832
446 832
447 832
448 831
449 831
450 830
451 830
452 830
453 830
454 829
455 829
456 829
457 828
458 827
459 827
460 827
461 827
462 826
463 826
464 826
465 825
466 825
467 824
468 824
469 824
470 823
471 823
472 822
473 822
474 821
475 821
476 821
477 821
478 821
479 821
480 821
481 820
482 818
483 818
484 818
485 818
486 818
487 817
488 817
489 817
490 816
491 816
492 816
493 815
494 814
495 814
496 814
497 814
498 813
499 812
500 811
501 811
502 811
503 810
504 810
505 810
506 810
507 809
508 809
509 808
510 808
511 808
512 808
513 808
514 807
515 807
516 807
517 805
518 805
519 805
520 805
521 805
522 803
523 803
524 803
525 802
526 802
527 802
528 801
529 801
530 801
531 801
532 801
533 801
534 800
535 800
536 800
537 800
538 800
539 798
540 798
541 798
542 798
543 797
544 797
545 797
546 797
547 797
548 796
549 796
550 796
551 796
552 796
553 796
554 796
555 796
556 795
557 795
558 795
559 795
560 795
561 795
562 795
563 795
564 795
565 794
566 794
567 794
568 794
569 794
570 794
571 793
572 792
573 792
574 792
575 792
576 791
577 791
578 791
579 791
580 791
581 791
582 791
583 789
584 789
585 789
586 788
587 788
588 788
589 788
590 788
591 788
592 787
593 787
594 786
595 786
596 786
597 786
598 786
599 786
600 786
601 786
602 786
603 785
604 785
605 785
606 785
607 785
608 784
609 784
610 784
611 784
612 784
613 784
614 783
615 782
616 782
617 782
618 782
619 782
620 781
621 781
622 781
623 781
624 781
625 780
626 780
627 779
628 779
629 778
630 778
631 777
632 777
633 777
634 777
635 776
636 776
637 776
638 776
639 776
640 775
641 775
642 775
643 775
644 775
645 775
646 775
647 774
648 774
649 774
650 774
651 774
652 773
653 773
654 773
655 773
656 773
657 772
658 772
659 772
660 772
661 771
662 771
663 771
664 771
665 771
666 771
667 769
668 769
669 769
670 769
671 769
672 768
673 768
674 768
675 767
676 767
677 767
678 766
679 766
680 766
681 766
682 766
683 766
684 766
685 766
686 766
687 766
688 765
689 765
690 765
691 764
692 763
693 763
694 763
695 763
696 763
697 763
698 763
699 763
700 762
701 762
702 762
703 762
704 762
705 762
706 762
707 762
708 762
709 761
710 761
711 761
712 761
713 761
714 760
715 760
716 760
717 760
718 759
719 759
720 759
721 759
722 759
723 758
724 758
725 758
726 758
727 758
728 758
729 758
730 758
731 758
732 758
733 757
734 756
735 756
736 756
737 756
738 755
739 755
740 755
741 755
742 755
743 755
744 755
745 754
746 754
747 754
748 754
749 754
750 754
751 754
752 753
753 753
754 753
755 752
756 752
757 751
758 751
759 750
760 750
761 750
762 749
763 749
764 749
765 749
766 749
767 748
768 748
769 748
770 748
771 748
772 748
773 748
774 747
775 746
776 745
777 745
778 745
779 744
780 744
781 744
782 743
783 743
784 743
785 743
786 743
787 743
788 742
789 742
790 741
791 741
792 741
793 741
794 741
795 741
796 741
797 741
798 741
799 741
800 741
801 741
802 740
803 740
804 740
805 740
806 740
807 740
808 739
809 739
810 738
811 738
812 738
813 738
814 738
815 738
816 737
817 737
818 737
819 737
820 737
821 737
822 736
823 736
824 736
825 736
826 736
827 736
828 735
829 735
830 735
831 734
832 734
833 734
834 733
835 733
836 733
837 733
838 732
839 732
840 732
841 731
842 731
843 731
844 731
845 731
846 731
847 730
848 730
849 730
850 730
851 729
852 728
853 728
854 728
855 728
856 728
857 728
858 728
859 727
860 727
861 727
862 727
863 727
864 727
865 726
866 726
867 726
868 726
869 726
870 726
871 726
872 726
873 726
874 726
875 726
876 725
877 725
878 725
879 725
880 725
881 725
882 725
883 725
884 724
885 723
886 723
887 723
888 723
889 722
890 721
891 721
892 721
893 721
894 721
895 721
896 721
897 720
898 720
899 720
900 720
901 720
902 720
903 720
904 720
905 720
906 720
907 719
908 719
909 719
910 719
911 719
912 719
913 719
914 719
915 719
916 719
917 719
918 719
919 718
920 718
921 718
922 718
923 718
924 717
925 716
926 716
927 716
928 716
929 716
930 716
931 716
932 715
933 715
934 715
935 715
936 714
937 714
938 714
939 714
940 714
941 714
942 714
943 714
944 714
945 713
946 713
947 713
948 713
949 713
950 713
951 713
952 713
953 713
954 713
955 711
956 711
957 711
958 711
959 711
960 711
961 710
962 710
963 710
964 710
965 710
966 710
967 710
968 709
969 709
970 709
971 709
972 709
973 709
974 709
975 709
976 709
977 709
978 709
979 708
980 708
981 708
982 707
983 707
984 707
985 707
986 707
987 707
988 707
989 706
990 706
991 706
992 706
993 706
994 706
995 706
996 706
997 705
998 705
999 705
